15
22
21
15
19
21
9
19
0
9
-2
0
-16
-2
-19
-16
-26
-19
-28
-26
-26
-28
-22
-26
-12
-22
-12
-12
-3
-12
-2
-3
9
-2
1
9
8
1
9
8
11
9
1
11
5
1
10
5
7
10
5
7
6
5
9
6
18
9
12
18
5
12
11
5
4
11
1
4
7
1
5
7
5
5
2
5
0
2
4
0
1
4
3
1
-3
3
-6
-3
-7
-6
2
-7
-5
2
-2
-5
-13
-2
-8
-13
-12
-8
-15
-12
-16
-15
-25
-16
-25
-25
-27
-25
-19
-27
-23
-19
-17
-23
-17
-17
-5
-17
-1
-5
1
-1
7
1
3
7
7
3
0
7
-9
0
-8
-9
-18
-8
-12
-18
-12
-12
1
-12
-5
1
9
-5
16
9
27
16
37
27
38
37
29
38
32
29
24
32
14
24
8
14
3
8
-13
3
-18
-13
-9
-18
-19
-9
-21
-19
-19
-21
-21
-19
-16
-21
-13
-16
-15
-13
-10
-15
-5
-10
-5
-5
7
-5
5
7
0
5
8
0
0
8
2
0
-6
2
-1
-6
-7
-1
-8
-7
0
-8
2
0
0
2
5
0
16
5
10
16
23
10
19
23
17
19
17
17
17
17
20
17
18
20
4
18
0
4
2
0
-5
2
-8
-5
-14
-8
-23
-14
-17
-23
-9
-17
-15
-9
-25
-15
-10
-25
-5
-10
-5
-5
-10
-5
-3
-10
-2
-3
-4
-2
-13
-4
-19
-13
-15
-19
-24
-15
-7
-24
-21
-7
-15
-21
-5
-15
5
-5
11
5
8
11
8
8
12
8
16
12
25
16
19
25
12
19
6
12
20
6
15
20
17
15
11
17
8
11
9
8
6
9
13
6
1
13
-2
1
-2
-2
-10
-2
-7
-10
-1
-7
-2
-1
-22
-2
-17
-22
-9
-17
-14
-9
-21
-14
-27
-21
-22
-27
-20
-22
-19
-20
-14
-19
-10
-14
-5
-10
-10
-5
-2
-10
-3
-2
5
-3
2
5
-1
2
-2
-1
-5
-2
-2
-5
7
-2
6
7
5
6
9
5
15
9
20
15
15
20
15
15
17
15
17
17
12
17
4
12
0
4
1
0
3
1
-9
3
-16
-9
-21
-16
-17
-21
-17
-17
-14
-17
-15
-14
-18
-15
-10
-18
-5
-10
-8
-5
-11
-8
-9
-11
-12
-9
-18
-12
-19
-18
-19
-19
-24
-19
-26
-24
-24
-26
-20
-24
-14
-20
-4
-14
1
-4
3
1
12
3
14
12
15
14
16
15
19
16
17
19
8
17
4
8
-2
4
3
-2
-2
3
0
-2
-4
0
-3
-4
4
-3
7
4
4
7
5
4
4
5
7
4
10
7
9
10
1
9
3
1
2
3
1
2
-6
1
-10
-6
-11
-10
-13
-11
-15
-13
-13
-15
-14
-13
-6
-14
-5
-6
0
-5
4
0
4
4
5
4
11
5
13
11
11
13
12
11
8
12
10
8
10
10
15
10
16
15
12
16
14
12
20
14
17
20
12
17
11
12
13
11
13
13
10
13
1
10
2
1
1
2
-1
1
-1
-1
-9
-1
-12
-9
-15
-12
-9
-15
-12
-9
-19
-12
-20
-19
-15
-20
-12
-15
-11
-12
-9
-11
-6
-9
-5
-6
-5
-5
0
-5
-3
0
-3
-3
-2
-3
1
-2
0
1
-2
0
1
-2
-1
1
-3
-1
0
-3
3
0
-1
3
2
-1
0
2
-2
0
3
-2
2
3
2
2
8
2
9
8
6
9
4
6
4
4
3
4
2
3
-1
2
-2
-1
-3
-2
-7
-3
-5
-7
-4
-5
-3
-4
0
-3
2
0
0
2
4
0
6
4
5
6
3
5
1
7\n-9\n-12\n-7\n-13\n-12\n-8\n-13\n-14\n-8\n-12\n-14\n-7\n-12\n-8\n-7\n-3\n-8\n1\n-3\n-2\n1\n0\n-2\n-1\n2\n5\n1\n4\n5\n6\n4\n4\n6\n3\n4\n5\n3\n9\n5\n6\n9\n4\n6\n13\n4\n9\n13\n13\n9\n14\n13\n-11\n-8\n-7\n-11\n-11\n-7\n5\n10\n1\n5\n2\n1\n3\n2\n2\n3\n2\n2\n2\n2\n-1\n2\n-2\n-1\n-2\n2\n6\n3\n3\n6\n-10\n-8\n-10\n-10\n-10\n-10\n-9\n-10\n-7\n-9\n-9\n-7\n-8\n-9\n-4\n-8\n-8\n0\n-1\n0\n-2\n-1\n-1\n-2\n-5\n-1\n-1\n-5\n-1\n-1\n2\n-1\n2\n2\n-2\n2\n0\n-2\n2\n0\n2\n2\n-11\n-9\n-8\n-11\n-11\n-8\n-2\n-4\n-6\n-2\n-8\n-6\n-7\n-8\n-4\n-7\n-4\n-4\n-4\n-4\n0\n-4\n0\n-8\n-8\n-11\n-6\n-8\n-5\n-6\n10\n5\n8\n10\n7\n8\n3\n7\n2\n3\n-2\n2\n-3\n-2\n-5\n-3\n-9\n3\n-2\n-1\n-5\n-2\n-15\n-5\n-3\n-6\n-5\n-3\n-6\n-5\n-7\n-6\n-9\n-7\n-11\n-9\n-7\n-11\n-8\n1\n-1\n-5\n0\n-1\n1\n0\n2\n1\n5\n2\n9\n5\n13\n9\n11\n13\n10\n11\n12\n10\n10\n12\n-7\n-5\n-7\n-12\n-3\n-7\n-6\n-3\n-4\n-6\n1\n-4\n1\n1\n1\n1\n5\n1\n5\n5\n7\n5\n11\n-18\n12\n-16\n10\n11\n6\n10\n5\n6\n2\n5\n0\n2\n-1\n0\n-5\n-1\n-7\n-5\n-6\n-7\n-5\n-6\n-8\n14\n-13\n13\n-6\n-8\n-5\n-6\n-1\n-5\n-3\n-1\n-7\n-3\n-5\n-7\n-6\n-5\n-10\n-6\n-16\n-10\n-18\n-16\n-16\n-18\n-17\n-16\n-9\n-17\n-10\n-9\n-7\n-10\n6\n4\n15\n11\n14\n'b'15\n13\n14\n14\n13\n13\n14\n13\n13\n15\n13\n17\n15\n14\n14\n15\n14\n11\n15\n8\n11\n7\n8\n4\n7\n4\n4\n4\n4\n3\n4\n5\n3\n4\n5\n6\n4\n4\n6\n4\n4\n5\n4\n0\n5\n-7\n0\n-13\n-7\n-18\n-13\n-24\n-18\n-28\n-24\n-26\n-28\n-29\n-26\n-28\n-29\n-23\n-28\n-18\n-23\n-19\n-18\n-15\n-19\n-9\n-15\n-8\n-9\n-3\n-8\n-2\n-3\n-3\n-2\n-2\n-3\n0\n-2\n-1\n0\n0\n-1\n6\n0\n8\n6\n12\n8\n11\n12\n15\n11\n18\n15\n17\n18\n15\n17\n19\n15\n18\n19\n17\n18\n16\n17\n18\n16\n15\n18\n10\n15\n9\n10\n4\n9\n6\n4\n4\n6\n2\n4\n3\n2\n4\n3\n5\n4\n9\n5\n6\n9\n1\n6\n-5\n1\n-8\n-5\n-4\n-8\n-6\n-4\n-9\n-6\n-10\n-9\n-11\n-10\n-13\n-11\n-12\n-13\n-11\n-12\n-6\n-11\n-6\n-6\n-5\n-6\n-4\n-5\n-8\n-4\n-10\n-8\n-12\n-10\n-10\n-12\n-11\n-10\n-10\n-11\n-9\n-10\n-6\n-9\n-2\n-6\n-3\n-2\n2\n-3\n-2\n2\n-6\n-2\n1\n-6\n2\n1\n1\n2\n0\n1\n-1\n0\n-5\n-1\n-5\n-5\n-6\n-5\n-9\n-6\n-9\n-9\n-9\n-9\n-9\n-9\n-6\n-9\n1\n-6\n4\n1\n7\n4\n9\n7\n7\n9\n8\n7\n9\n8\n9\n9\n4\n9\n-1\n4\n-7\n-1\n-15\n-7\n-14\n-15\n-12\n-14\n-10\n-12\n-10\n-10\n-9\n-10\n-4\n-9\n-1\n-4\n4\n-1\n4\n4\n-3\n4\n-5\n-3\n-5\n-5\n-7\n-5\n-6\n-7\n-6\n-6\n-3\n-6\n0\n-3\n6\n0\n5\n6\n5\n5\n10\n5\n9\n10\n7\n9\n9\n7\n8\n9\n-13\n-18\n-7\n-13\n-6\n-7\n-5\n-6\n0\n-5\n-1\n0\n-2\n-1\n0\n-2\n4\n0\n3\n-6\n-8\n-4\n-7\n-8\n-8\n-7\n-11\n-8\n-8\n-11\n-7\n-8\n-5\n-7\n-3\n-5\n-5\n-3\n-2\n-5\n-3\n-2\n-7\n-3\n-3\n-7\n-7\n-3\n-9\n-7\n-9\n-9\n-13\n-9\n-9\n-13\n-8\n-9\n-5\n-8\n-4\n-5\n-1\n-4\n-1\n-1\n-6\n-1\n-3\n-6\n-4\n-3\n-6\n-4\n-4\n-6\n-8\n-4\n-7\n-8\n-6\n-7\n-6\n-6\n-3\n-6\n-4\n-3\n1\n-4\n0\n1\n-1\n0\n1\n-1\n2\n1\n0\n2\n-5\n0\n-10\n-5\n-10\n-10\n-7\n-10\n12\n5\n12\n12\n1\n-3\n0\n1\n2\n0\n7\n2\n7\n7\n7\n7\n10\n7\n7\n10\n6\n7\n5\n6\n3\n5\n2\n3\n-1\n2\n-6\n-1\n-6\n-6\n-6\n-6\n-2\n-6\n0\n-2\n-2\n0\n0\n-2\n0\n0\n-4\n0\n2\n-4\n4\n2\n5\n4\n5\n5\n12\n5\n12\n12\n12\n12\n11\n12\n8\n11\n10\n8\n8\n10\n4\n8\n7\n4\n8\n7\n8\n8\n10\n8\n12\n10\n7\n12\n5\n7\n3\n-5\n-1\n-4\n-4\n-1\n-8\n-13\n-8\n-8\n-8\n-8\n-7\n-8\n1\n-7\n1\n1\n-2\n1\n1\n-2\n-5\n1\n-9\n-5\n-6\n-9\n-12\n-6\n-5\n-6\n-9\n-5\n-8\n-9\n-5\n-8\n-1\n-5\n-2\n-1\n-6\n-2\n-4\n-6\n-5\n-4\n-4\n-5\n-1\n-4\n-4\n-1\n1\n-4\n4\n1\n-15\n-11\n-15\n-15\n2\n2\n0\n2\n-2\n0\n-7\n-2\n-6\n-7\n-3\n-6\n-2\n-3\n-6\n-2\n-2\n-6\n3\n-2\n1\n3\n4\n1\n2\n3\n-2\n2\n-7\n-2\n-8\n-7\n-10\n-8\n-11\n-10\n-15\n-11\n-15\n-15\n-13\n-15\n-12\n-13\n-11\n-12\n-10\n-11\n-7\n-10\n-4\n-7\n-4\n-4\n-2\n-4\n0\n-2\n-1\n0\n-5\n-1\n-5\n-5\n-9\n-5\n-8\n-9\n-8\n-8\n-15\n-8\n-13\n-15\n-4\n-8\n-5\n-4\n-3\n-5\n4\n3\n5\n4\n3\n5\n0\n3\n4\n0\n2\n4\n-1\n2\n-1\n-1\n-2\n-1\n-3\n-2\n-2\n-4\n-4\n1\n-7\n-8\n-6\n-7\n-9\n-6\n-11\n-9\n-9\n-11\n-9\n-9\n-7\n-9\n-4\n-7\n-8\n-4\n-4\n-8\n-5\n-5\n-3\n-9\n-4\n1\n-3\n-4\n-4\n-3\n-7\n-4\n-6\n-7\n-9\n-6\n-7\n-9\n-4\n-7\n-9\n-4\n-4\n-9\n1\n-4\n-1\n1\n6\n6\n9\n6\n6\n9\n1\n6\n2\n1\n-1\n2\n0\n-1\n-4\n0\n0\n-4\n-5\n0\n-9\n-5\n-7\n-9\n-12\n-7\n-13'b'\n-12\n-8\n-13\n-14\n-8\n-12\n-14\n-7\n-12\n-8\n-7\n-3\n-8\n1\n-3\n-2\n1\n0\n-2\n-1\n2\n5\n1\n4\n5\n6\n4\n4\n6\n3\n4\n5\n3\n9\n5\n6\n9\n4\n6\n13\n4\n9\n13\n13\n9\n14\n13\n-11\n-8\n-7\n-11\n-11\n-7\n5\n10\n1\n5\n2\n1\n3\n2\n2\n3\n2\n2\n2\n2\n-1\n2\n-2\n-1\n-2\n2\n6\n3\n3\n6\n-10\n-8\n-10\n-10\n-10\n-10\n-9\n-10\n-7\n-9\n-9\n-7\n-8\n-9\n-4\n-8\n-8\n0\n-1\n0\n-2\n-1\n-1\n-2\n-5\n-1\n-1\n-5\n-1\n-1\n2\n-1\n2\n2\n-2\n2\n0\n-2\n2\n0\n2\n2\n-11\n-9\n-8\n-11\n-11\n-8\n-2\n-4\n-6\n-2\n-8\n-6\n-7\n-8\n-4\n-7\n-4\n-4\n-4\n-4\n0\n-4\n0\n-8\n-8\n-11\n-6\n-8\n-5\n-6\n10\n5\n8\n10\n7\n8\n3\n7\n2\n3\n-2\n2\n-3\n-2\n-5\n-3\n-9\n3\n-2\n-1\n-5\n-2\n-15\n-5\n-3\n-6\n-5\n-3\n-6\n-5\n-7\n-6\n-9\n-7\n-11\n-9\n-7\n-11\n-8\n1\n-1\n-5\n0\n-1\n1\n0\n2\n1\n5\n2\n9\n5\n13\n9\n11\n13\n10\n11\n12\n10\n10\n12\n-7\n-5\n-7\n-12\n-3\n-7\n-6\n-3\n-4\n-6\n1\n-4\n1\n1\n1\n1\n5\n1\n5\n5\n7\n5\n11\n-18\n12\n-16\n10\n11\n6\n10\n5\n6\n2\n5\n0\n2\n-1\n0\n-5\n-1\n-7\n-5\n-6\n-7\n-5\n-6\n-8\n14\n-13\n13\n-6\n-8\n-5\n-6\n-1\n-5\n-3\n-1\n-7\n-3\n-5\n-7\n-6\n-5\n-10\n-6\n-16\n-10\n-18\n-16\n-16\n-18\n-17\n-16\n-9\n-17\n-10\n-9\n-7\n-10\n6\n4\n15\n11\n14\n15\n13\n14\n14\n13\n13\n14\n13\n13\n15\n13\n17\n15\n14\n14\n15\n14\n11\n15\n8\n11\n7\n8\n4\n7\n4\n4\n4\n4\n3\n4\n5\n3\n4\n5\n6\n4\n4\n6\n4\n4\n5\n4\n0\n5\n-7\n0\n-13\n-7\n-18\n-13\n-24\n-18\n-28\n-24\n-26\n-28\n-29\n-26\n-28\n-29\n-23\n-28\n-18\n-23\n-19\n-18\n-15\n-19\n-9\n-15\n-8\n-9\n-3\n-8\n-2\n-3\n-3\n-2\n-2\n-3\n0\n-2\n-1\n0\n0\n-1\n6\n0\n8\n6\n12\n8\n11\n12\n15\n11\n18\n15\n17\n18\n15\n17\n19\n15\n18\n19\n17\n18\n16\n17\n18\n16\n15\n18\n10\n15\n9\n10\n4\n9\n6\n4\n4\n6\n2\n4\n3\n2\n4\n3\n5\n4\n9\n5\n6\n9\n1\n6\n-5\n1\n-8\n-5\n-4\n-8\n-6\n-4\n-9\n-6\n-10\n-9\n-11\n-10\n-13\n-11\n-12\n-13\n-11\n-12\n-6\n-11\n-6\n-6\n-5\n-6\n-4\n-5\n-8\n-4\n-10\n-8\n-12\n-10\n-10\n-12\n-11\n-10\n-10\n-11\n-9\n-10\n-6\n-9\n-2\n-6\n-3\n-2\n2\n-3\n-2\n2\n-6\n-2\n1\n-6\n2\n1\n1\n2\n0\n1\n-1\n0\n-5\n-1\n-5\n-5\n-6\n-5\n-9\n-6\n-9\n-9\n-9\n-9\n-9\n-9\n-6\n-9\n1\n-6\n4\n1\n7\n4\n9\n7\n7\n9\n8\n7\n9\n8\n9\n9\n4\n9\n-1\n4\n-7\n-1\n-15\n-7\n-14\n-15\n-12\n-14\n-10\n-12\n-10\n-10\n-9\n-10\n-4\n-9\n-1\n-4\n4\n-1\n4\n4\n-3\n4\n-5\n-3\n-5\n-5\n-7\n-5\n-6\n-7\n-6\n-6\n-3\n-6\n0\n-3\n6\n0\n5\n6\n5\n5\n10\n5\n9\n10\n7\n9\n9\n7\n8\n9\n0\n8\n1\n0\n-5\n1\n-11\n-5\n-12\n-11\n-14\n-12\n-15\n-14\n-16\n-15\n-18\n-16\n-15\n-18\n-8\n-15\n-4\n-8\n1\n-4\n-1\n1\n4\n-1\n4\n4\n0\n4\n1\n0\n-2\n1\n-7\n-2\n-10\n-7\n-13\n-10\n-16\n-13\n-15\n-16\n-10\n-15\n-10\n-10\n-8\n-10\n-1\n-8\n-3\n-1\n4\n-3\n7\n4\n6\n7\n7\n6\n7\n7\n7\n7\n7\n7\n8\n7\n13\n8\n13\n13\n11\n13\n17\n11\n14\n17\n11\n14\n10\n11\n7\n10\n3\n7\n1\n3\n5\n1\n0\n5\n-5\n0\n-4\n-5\n-6\n-4\n-7\n-6\n-7\n-7\n-9\n-7\n-7\n-9\n-5\n-7\n-2\n-5\n0\n-2\n5\n0\n6\n5\n6\n6\n9\n6\n3\n9\n-1\n3\n-5\n-1\n-9\n-5\n-10\n-9\n-14\n-10\n-'b'12\n-14\n-12\n-12\n-11\n-12\n-8\n-11\n-4\n-8\n-2\n-4\n4\n-2\n5\n4\n8\n5\n8\n8\n7\n8\n5\n7\n4\n5\n3\n4\n-2\n3\n-2\n-2\n0\n-2\n-3\n0\n-8\n-3\n-10\n-8\n-8\n-10\n-9\n-8\n-9\n-9\n-7\n-9\n-3\n-7\n1\n-3\n0\n1\n4\n0\n4\n4\n-1\n4\n0\n-1\n0\n0\n-2\n0\n-5\n-2\n-4\n-5\n-3\n-4\n-4\n-3\n-4\n-4\n2\n-4\n0\n2\n0\n0\n1\n0\n-2\n1\n-2\n-2\n-2\n-2\n-4\n-2\n-5\n-4\n-1\n-5\n-3\n-1\n-2\n-3\n1\n-2\n0\n1\n2\n0\n3\n2\n2\n3\n0\n2\n0\n0\n4\n0\n3\n4\n3\n3\n4\n3\n6\n4\n7\n6\n6\n7\n4\n6\n5\n4\n3\n5\n0\n3\n-3\n0\n0\n-3\n4\n0\n4\n4\n5\n4\n3\n5\n3\n3\n3\n3\n-1\n3\n-3\n-1\n-6\n-3\n-10\n-6\n-13\n-10\n-14\n-13\n-15\n-14\n-8\n-15\n-8\n-8\n-10\n-8\n-8\n-10\n-7\n-8\n-6\n-7\n-5\n-6\n-4\n-5\n-3\n-4\n-3\n-3\n0\n-3\n2\n0\n3\n2\n5\n3\n5\n5\n2\n5\n3\n2\n4\n3\n1\n4\n0\n1\n1\n0\n3\n1\n2\n3\n3\n2\n6\n3\n11\n6\n14\n11\n14\n14\n15\n14\n17\n15\n15\n17\n16\n15\n16\n16\n16\n16\n14\n16\n12\n14\n14\n12\n12\n14\n11\n12\n8\n11\n5\n8\n1\n5\n-3\n1\n-7\n-3\n-9\n-7\n-13\n-9\n-17\n-13\n-18\n-17\n-18\n-18\n-19\n-18\n-18\n-19\n-17\n-18\n-16\n-17\n-16\n-16\n-16\n-16\n-12\n-16\n-14\n-12\n-12\n-14\n-7\n-12\n-10\n-7\n-7\n-10\n-2\n-7\n-1\n-2\n1\n-1\n2\n1\n4\n2\n2\n4\n0\n2\n3\n0\n5\n3\n5\n5\n7\n5\n9\n7\n9\n9\n9\n9\n10\n9\n12\n10\n12\n12\n9\n12\n10\n9\n8\n10\n7\n8\n4\n7\n4\n4\n5\n4\n5\n5\n7\n5\n4\n7\n4\n4\n6\n4\n8\n6\n8\n8\n10\n8\n8\n10\n9\n8\n9\n9\n4\n9\n4\n4\n4\n4\n4\n4\n5\n4\n4\n5\n4\n4\n-2\n4\n-2\n-2\n-4\n-2\n-5\n-4\n-5\n-5\n-4\n-5\n-5\n-4\n-5\n-5\n-8\n-5\n-8\n-8\n-5\n-8\n0\n-5\n3\n0\n4\n3\n6\n4\n10\n6\n10\n10\n12\n10\n15\n12\n13\n15\n15\n13\n11\n15\n13\n11\n13\n13\n10\n13\n16\n10\n10\n16\n10\n10\n13\n10\n9\n13\n11\n9\n13\n11\n12\n13\n14\n12\n11\n14\n9\n11\n7\n9\n6\n7\n6\n6\n1\n6\n0\n1\n-2\n0\n-5\n-2\n-7\n-5\n-6\n-7\n-4\n-6\n-6\n-4\n-4\n-6\n-1\n-4\n0\n-1\n2\n0\n5\n2\n1\n5\n3\n1\n9\n3\n5\n9\n8\n5\n9\n8\n5\n9\n5\n5\n3\n5\n5\n3\n3\n5\n0\n3\n1\n0\n-4\n1\n-3\n-4\n-5\n-3\n-6\n-5\n-7\n-6\n-6\n-7\n-7\n-6\n-10\n-7\n-7\n-10\n-9\n-7\n-9\n-9\n-9\n-9\n-9\n-9\n-6\n-9\n-5\n-6\n-2\n-5\n-1\n-2\n1\n-1\n1\n1\n-1\n1\n4\n-1\n7\n4\n5\n7\n6\n5\n4\n6\n2\n4\n4\n2\n3\n4\n-5\n3\n-6\n-5\n-5\n-6\n-10\n-5\n-9\n-10\n-6\n-9\n-6\n-6\n-5\n-6\n-8\n-5\n-5\n-8\n-2\n-5\n1\n-2\n3\n1\n1\n3\n2\n1\n-1\n2\n-5\n-1\n-3\n-5\n-2\n-3\n-4\n-2\n-5\n-4\n-4\n-5\n-1\n-4\n1\n-1\n1\n1\n3\n1\n3\n3\n8\n3\n7\n8\n8\n7\n7\n8\n4\n7\n3\n4\n2\n3\n0\n2\n-3\n0\n-3\n-3\n-5\n-3\n-5\n-5\n-3\n-5\n0\n-3\n1\n0\n3\n1\n6\n3\n7\n6\n3\n7\n1\n3\n-3\n1\n-7\n-3\n-9\n-7\n-7\n-9\n-9\n-7\n-7\n-9\n1\n-7\n1\n1\n3\n1\n6\n3\n6\n6\n3\n6\n2\n3\n2\n2\n-1\n2\n-6\n-1\n-5\n-6\n-9\n-5\n-9\n-9\n-9\n-9\n-8\n-9\n-4\n-8\n-2\n-4\n-2\n-2\n3\n-2\n3\n3\n3\n3\n1\n3\n0\n1\n-2\n0\n-5\n-2\n-6\n-5\n-5\n-6\n-8\n-5\n-4\n-8\n-4\n-4\n-2\n-4\n4\n-2\n6\n4\n9\n6\n11\n9\n13\n11\n11\n13\n4\n11\n6\n4\n2\n6\n-2\n2\n-2\n-2\n-4\n-2\n-4\n-4\n-5\n-4\n-3\n-5\n-4\n-3\n-5\n-4\n-1\n-5\n0\n-1\n-1\n0\n0\n-1\n-4\n0\n-8\n-4\n-6\n-8\n-10\n-6\n-12\n-10\n-12\n-12\n-10\n-12\n'b'-7\n-10\n-2\n-7\n4\n-2\n11\n4\n15\n11\n18\n15\n21\n18\n21\n21\n20\n21\n16\n20\n16\n16\n11\n16\n6\n11\n1\n6\n-3\n1\n-1\n-3\n-4\n-1\n-3\n-4\n1\n-3\n4\n1\n4\n4\n6\n4\n12\n6\n11\n12\n8\n11\n5\n8\n4\n5\n1\n4\n-2\n1\n-6\n-2\n-2\n-6\n-2\n-2\n4\n-2\n9\n4\n11\n9\n14\n11\n16\n14\n18\n16\n16\n18\n9\n16\n5\n9\n-3\n5\n-9\n-3\n-10\n-9\n-12\n-10\n-7\n-12\n-5\n-7\n-3\n-5\n1\n-3\n-1\n1\n-2\n-1\n-1\n-2\n-13\n-18\n-7\n-13\n-6\n-7\n-5\n-6\n0\n-5\n-1\n0\n-2\n-1\n0\n-2\n4\n0\n3\n-6\n-8\n-4\n-7\n-8\n-8\n-7\n-11\n-8\n-8\n-11\n-7\n-8\n-5\n-7\n-3\n-5\n-5\n-3\n-2\n-5\n-3\n-2\n-7\n-3\n-3\n-7\n-7\n-3\n-9\n-7\n-9\n-9\n-13\n-9\n-9\n-13\n-8\n-9\n-5\n-8\n-4\n-5\n-1\n-4\n-1\n-1\n-6\n-1\n-3\n-6\n-4\n-3\n-6\n-4\n-4\n-6\n-8\n-4\n-7\n-8\n-6\n-7\n-6\n-6\n-3\n-6\n-4\n-3\n1\n-4\n0\n1\n-1\n0\n1\n-1\n2\n1\n0\n2\n-5\n0\n-10\n-5\n-10\n-10\n-7\n-10\n12\n5\n12\n12\n1\n-3\n0\n1\n2\n0\n7\n2\n7\n7\n7\n7\n10\n7\n7\n10\n6\n7\n5\n6\n3\n5\n2\n3\n-1\n2\n-6\n-1\n-6\n-6\n-6\n-6\n-2\n-6\n0\n-2\n-2\n0\n0\n-2\n0\n0\n-4\n0\n2\n-4\n4\n2\n5\n4\n5\n5\n12\n5\n12\n12\n12\n12\n11\n12\n8\n11\n10\n8\n8\n10\n4\n8\n7\n4\n8\n7\n8\n8\n10\n8\n12\n10\n7\n12\n5\n7\n3\n-5\n-1\n-4\n-4\n-1\n-8\n-13\n-8\n-8\n-8\n-8\n-7\n-8\n1\n-7\n1\n1\n-2\n1\n1\n-2\n-5\n1\n-9\n-5\n-6\n-9\n-12\n-6\n-5\n-6\n-9\n-5\n-8\n-9\n-5\n-8\n-1\n-5\n-2\n-1\n-6\n-2\n-4\n-6\n-5\n-4\n-4\n-5\n-1\n-4\n-4\n-1\n1\n-4\n4\n1\n-15\n-11\n-15\n-15\n2\n2\n0\n2\n-2\n0\n-7\n-2\n-6\n-7\n-3\n-6\n-2\n-3\n-6\n-2\n-2\n-6\n3\n-2\n1\n3\n4\n1\n2\n3\n-2\n2\n-7\n-2\n-8\n-7\n-10\n-8\n-11\n-10\n-15\n-11\n-15\n-15\n-13\n-15\n-12\n-13\n-11\n-12\n-10\n-11\n-7\n-10\n-4\n-7\n-4\n-4\n-2\n-4\n0\n-2\n-1\n0\n-5\n-1\n-5\n-5\n-9\n-5\n-8\n-9\n-8\n-8\n-15\n-8\n-13\n-15\n-4\n-8\n-5\n-4\n-3\n-5\n4\n3\n5\n4\n3\n5\n0\n3\n4\n0\n2\n4\n-1\n2\n-1\n-1\n-2\n-1\n-3\n-2\n-2\n-4\n-4\n1\n-7\n-8\n-6\n-7\n-9\n-6\n-11\n-9\n-9\n-11\n-9\n-9\n-7\n-9\n-4\n-7\n-8\n-4\n-4\n-8\n-5\n-5\n-3\n-9\n-4\n1\n-3\n-4\n-4\n-3\n-7\n-4\n-6\n-7\n-9\n-6\n-7\n-9\n-4\n-7\n-9\n-4\n-4\n-9\n1\n-4\n-1\n1\n6\n6\n9\n6\n6\n9\n1\n6\n2\n1\n-1\n2\n0\n-1\n-4\n0\n0\n-4\n-5\n0\n-9\n-5\n-7\n-9\n-12\n-7\n-13\n-12\n-8\n-13\n-14\n-8\n-12\n-14\n-7\n-12\n-8\n-7\n-3\n-8\n1\n-3\n-2\n1\n0\n-2\n-1\n2\n5\n1\n4\n5\n6\n4\n4\n6\n3\n4\n5\n3\n9\n5\n6\n9\n4\n6\n13\n4\n9\n13\n13\n9\n14\n13\n-11\n-8\n-7\n-11\n-11\n-7\n5\n10\n1\n5\n2\n1\n3\n2\n2\n3\n2\n2\n2\n2\n-1\n2\n-2\n-1\n-2\n2\n6\n3\n3\n6\n-10\n-8\n-10\n-10\n-10\n-10\n-9\n-10\n-7\n-9\n-9\n-7\n-8\n-9\n-4\n-8\n-8\n0\n-1\n0\n-2\n-1\n-1\n-2\n-5\n-1\n-1\n-5\n-1\n-1\n2\n-1\n2\n2\n-2\n2\n0\n-2\n2\n0\n2\n2\n-11\n-9\n-8\n-11\n-11\n-8\n-2\n-4\n-6\n-2\n-8\n-6\n-7\n-8\n-4\n-7\n-4\n-4\n-4\n-4\n0\n-4\n0\n-8\n-8\n-11\n-6\n-8\n-5\n-6\n10\n5\n8\n10\n7\n8\n3\n7\n2\n3\n-2\n2\n-3\n-2\n-5\n-3\n-9\n3\n-2\n-1\n-5\n-2\n-15\n-5\n-3\n-6\n-5\n-3\n-6\n-5\n-7\n-6\n-9\n-7\n-11\n-9\n-7\n-11\n-8\n1\n-1\n-5\n0\n-1\n1\n0\n2\n1\n5\n'b'2\n9\n5\n13\n9\n11\n13\n10\n11\n12\n10\n10\n12\n-7\n-5\n-7\n-12\n-3\n-7\n-6\n-3\n-4\n-6\n1\n-4\n1\n1\n1\n1\n5\n1\n5\n5\n7\n5\n11\n-18\n12\n-16\n10\n11\n6\n10\n5\n6\n2\n5\n0\n2\n-1\n0\n-5\n-1\n-7\n-5\n-6\n-7\n-5\n-6\n-8\n14\n-13\n13\n-6\n-8\n-5\n-6\n-1\n-5\n-3\n-1\n-7\n-3\n-5\n-7\n-6\n-5\n-10\n-6\n-16\n-10\n-18\n-16\n-16\n-18\n-17\n-16\n-9\n-17\n-10\n-9\n-7\n-10\n6\n4\n15\n11\n14\n15\n13\n14\n14\n13\n13\n14\n13\n13\n15\n13\n17\n15\n14\n14\n15\n14\n11\n15\n8\n11\n7\n8\n4\n7\n4\n4\n4\n4\n3\n4\n5\n3\n4\n5\n6\n4\n4\n6\n4\n4\n5\n4\n0\n5\n-7\n0\n-13\n-7\n-18\n-13\n-24\n-18\n-28\n-24\n-26\n-28\n-29\n-26\n-28\n-29\n-23\n-28\n-18\n-23\n-19\n-18\n-15\n-19\n-9\n-15\n-8\n-9\n-3\n-8\n-2\n-3\n-3\n-2\n-2\n-3\n0\n-2\n-1\n0\n0\n-1\n6\n0\n8\n6\n12\n8\n11\n12\n15\n11\n18\n15\n17\n18\n15\n17\n19\n15\n18\n19\n17\n18\n16\n17\n18\n16\n15\n18\n10\n15\n9\n10\n4\n9\n6\n4\n4\n6\n2\n4\n3\n2\n4\n3\n5\n4\n9\n5\n6\n9\n1\n6\n-5\n1\n-8\n-5\n-4\n-8\n-6\n-4\n-9\n-6\n-10\n-9\n-11\n-10\n-13\n-11\n-12\n-13\n-11\n-12\n-6\n-11\n-6\n-6\n-5\n-6\n-4\n-5\n-8\n-4\n-10\n-8\n-12\n-10\n-10\n-12\n-11\n-10\n-10\n-11\n-9\n-10\n-6\n-9\n-2\n-6\n-3\n-2\n2\n-3\n-2\n2\n-6\n-2\n1\n-6\n2\n1\n1\n2\n0\n1\n-1\n0\n-5\n-1\n-5\n-5\n-6\n-5\n-9\n-6\n-9\n-9\n-9\n-9\n-9\n-9\n-6\n-9\n1\n-6\n4\n1\n7\n4\n9\n7\n7\n9\n8\n7\n9\n8\n9\n9\n4\n9\n-1\n4\n-7\n-1\n-15\n-7\n-14\n-15\n-12\n-14\n-10\n-12\n-10\n-10\n-9\n-10\n-4\n-9\n-1\n-4\n4\n-1\n4\n4\n-3\n4\n-5\n-3\n-5\n-5\n-7\n-5\n-6\n-7\n-6\n-6\n-3\n-6\n0\n-3\n6\n0\n5\n6\n5\n5\n10\n5\n9\n10\n7\n9\n9\n7\n8\n9\n0\n8\n1\n0\n-5\n1\n-11\n-5\n-12\n-11\n-14\n-12\n-15\n-14\n-16\n-15\n-18\n-16\n-15\n-18\n-8\n-15\n-4\n-8\n1\n-4\n-1\n1\n4\n-1\n4\n4\n0\n4\n1\n0\n-2\n1\n-7\n-2\n-10\n-7\n-13\n-10\n-16\n-13\n-15\n-16\n-10\n-15\n-10\n-10\n-8\n-10\n-1\n-8\n-3\n-1\n4\n-3\n7\n4\n6\n7\n7\n6\n7\n7\n7\n7\n7\n7\n8\n7\n13\n8\n13\n13\n11\n13\n17\n11\n14\n17\n11\n14\n10\n11\n7\n10\n3\n7\n1\n3\n5\n1\n0\n5\n-5\n0\n-4\n-5\n-6\n-4\n-7\n-6\n-7\n-7\n-9\n-7\n-7\n-9\n-5\n-7\n-2\n-5\n0\n-2\n5\n0\n6\n5\n6\n6\n9\n6\n3\n9\n-1\n3\n-5\n-1\n-9\n-5\n-10\n-9\n-14\n-10\n-12\n-14\n-12\n-12\n-11\n-12\n-8\n-11\n-4\n-8\n-2\n-4\n4\n-2\n5\n4\n8\n5\n8\n8\n7\n8\n5\n7\n4\n5\n3\n4\n-2\n3\n-2\n-2\n0\n-2\n-3\n0\n-8\n-3\n-10\n-8\n-8\n-10\n-9\n-8\n-9\n-9\n-7\n-9\n-3\n-7\n1\n-3\n0\n1\n4\n0\n4\n4\n-1\n4\n0\n-1\n0\n0\n-2\n0\n-5\n-2\n-4\n-5\n-3\n-4\n-4\n-3\n-4\n-4\n2\n-4\n0\n2\n0\n0\n1\n0\n-2\n1\n-2\n-2\n-2\n-2\n-4\n-2\n-5\n-4\n-1\n-5\n-3\n-1\n-2\n-3\n1\n-2\n0\n1\n2\n0\n3\n2\n2\n3\n0\n2\n0\n0\n4\n0\n3\n4\n3\n3\n4\n3\n6\n4\n7\n6\n6\n7\n4\n6\n5\n4\n3\n5\n0\n3\n-3\n0\n0\n-3\n4\n0\n4\n4\n5\n4\n3\n5\n3\n3\n3\n3\n-1\n3\n-3\n-1\n-6\n-3\n-10\n-6\n-13\n-10\n-14\n-13\n-15\n-14\n-8\n-15\n-8\n-8\n-10\n-8\n-8\n-10\n-7\n-8\n-6\n-7\n-5\n-6\n-4\n-5\n-3\n-4\n-3\n-3\n0\n-3\n2\n0\n3\n2\n5\n3\n5\n5\n2\n5\n3\n2\n4\n3\n1\n4\n0\n1\n1\n0\n3\n1\n2\n3\n3\n'b'2\n6\n3\n11\n6\n14\n11\n14\n14\n15\n14\n17\n15\n15\n17\n16\n15\n16\n16\n16\n16\n14\n16\n12\n14\n14\n12\n12\n14\n11\n12\n8\n11\n5\n8\n1\n5\n-3\n1\n-7\n-3\n-9\n-7\n-13\n-9\n-17\n-13\n-18\n-17\n-18\n-18\n-19\n-18\n-18\n-19\n-17\n-18\n-16\n-17\n-16\n-16\n-16\n-16\n-12\n-16\n-14\n-12\n-12\n-14\n-7\n-12\n-10\n-7\n-7\n-10\n-2\n-7\n-1\n-2\n1\n-1\n2\n1\n4\n2\n2\n4\n0\n2\n3\n0\n5\n3\n5\n5\n7\n5\n9\n7\n9\n9\n9\n9\n10\n9\n12\n10\n12\n12\n9\n12\n10\n9\n8\n10\n7\n8\n4\n7\n4\n4\n5\n4\n5\n5\n7\n5\n4\n7\n4\n4\n6\n4\n8\n6\n8\n8\n10\n8\n8\n10\n9\n8\n9\n9\n4\n9\n4\n4\n4\n4\n4\n4\n5\n4\n4\n5\n4\n4\n-2\n4\n-2\n-2\n-4\n-2\n-5\n-4\n-5\n-5\n-4\n-5\n-5\n-4\n-5\n-5\n-8\n-5\n-8\n-8\n-5\n-8\n0\n-5\n3\n0\n4\n3\n6\n4\n10\n6\n10\n10\n12\n10\n15\n12\n13\n15\n15\n13\n11\n15\n13\n11\n13\n13\n10\n13\n16\n10\n10\n16\n10\n10\n13\n10\n9\n13\n11\n9\n13\n11\n12\n13\n14\n12\n11\n14\n9\n11\n7\n9\n6\n7\n6\n6\n1\n6\n0\n1\n-2\n0\n-5\n-2\n-7\n-5\n-6\n-7\n-4\n-6\n-6\n-4\n-4\n-6\n-1\n-4\n0\n-1\n2\n0\n5\n2\n1\n5\n3\n1\n9\n3\n5\n9\n8\n5\n9\n8\n5\n9\n5\n5\n3\n5\n5\n3\n3\n5\n0\n3\n1\n0\n-4\n1\n-3\n-4\n-5\n-3\n-6\n-5\n-7\n-6\n-6\n-7\n-7\n-6\n-10\n-7\n-7\n-10\n-9\n-7\n-9\n-9\n-9\n-9\n-9\n-9\n-6\n-9\n-5\n-6\n-2\n-5\n-1\n-2\n1\n-1\n1\n1\n-1\n1\n4\n-1\n7\n4\n5\n7\n6\n5\n4\n6\n2\n4\n4\n2\n3\n4\n-5\n3\n-6\n-5\n-5\n-6\n-10\n-5\n-9\n-10\n-6\n-9\n-6\n-6\n-5\n-6\n-8\n-5\n-5\n-8\n-2\n-5\n1\n-2\n3\n1\n1\n3\n2\n1\n-1\n2\n-5\n-1\n-3\n-5\n-2\n-3\n-4\n-2\n-5\n-4\n-4\n-5\n-1\n-4\n1\n-1\n1\n1\n3\n1\n3\n3\n8\n3\n7\n8\n8\n7\n7\n8\n4\n7\n3\n4\n2\n3\n0\n2\n-3\n0\n-3\n-3\n-5\n-3\n-5\n-5\n-3\n-5\n0\n-3\n1\n0\n3\n1\n6\n3\n7\n6\n3\n7\n1\n3\n-3\n1\n-7\n-3\n-9\n-7\n-7\n-9\n-9\n-7\n-7\n-9\n1\n-7\n1\n1\n3\n1\n6\n3\n6\n6\n3\n6\n2\n3\n2\n2\n-1\n2\n-6\n-1\n-5\n-6\n-9\n-5\n-9\n-9\n-9\n-9\n-8\n-9\n-4\n-8\n-2\n-4\n-2\n-2\n3\n-2\n3\n3\n3\n3\n1\n3\n0\n1\n-2\n0\n-5\n-2\n-6\n-5\n-5\n-6\n-8\n-5\n-4\n-8\n-4\n-4\n-2\n-4\n4\n-2\n6\n4\n9\n6\n11\n9\n13\n11\n11\n13\n4\n11\n6\n4\n2\n6\n-2\n2\n-2\n-2\n-4\n-2\n-4\n-4\n-5\n-4\n-3\n-5\n-4\n-3\n-5\n-4\n-1\n-5\n0\n-1\n-1\n0\n0\n-1\n-4\n0\n-8\n-4\n-6\n-8\n-10\n-6\n-12\n-10\n-12\n-12\n-10\n-12\n-7\n-10\n-2\n-7\n4\n-2\n11\n4\n15\n11\n18\n15\n21\n18\n21\n21\n20\n21\n16\n20\n16\n16\n11\n16\n6\n11\n1\n6\n-3\n1\n-1\n-3\n-4\n-1\n-3\n-4\n1\n-3\n4\n1\n4\n4\n6\n4\n12\n6\n11\n12\n8\n11\n5\n8\n4\n5\n1\n4\n-2\n1\n-6\n-2\n-2\n-6\n-2\n-2\n4\n-2\n9\n4\n11\n9\n14\n11\n16\n14\n18\n16\n16\n18\n9\n16\n5\n9\n-3\n5\n-9\n-3\n-10\n-9\n-12\n-10\n-7\n-12\n-5\n-7\n-3\n-5\n1\n-3\n-1\n1\n-2\n-1\n-1\n-2\n-2\n-1\n-4\n-2\n-10\n-4\n-17\n-10\n-14\n-17\n-13\n-15\n-12\n-13\n-11\n-12\n13\n13\n11\n13\n6\n11\n3\n6\n-1\n-10\n-9\n-9\n-7\n-9\n-3\n-7\n-4\n-4\n-10\n-4\n-13\n-10\n-13\n-10\n-3\n-7\n-1\n-3\n-1\n-1\n0\n-1\n-3\n0\n-3\n-2\n-7\n-4\n-10\n-8\n7\n9\n2\n7\n-2\n2\n-3\n-2\n-6\n-3\n-8\n-6\n-10\n-8\n-9\n-10\n-2\n8\n-3\n-2\n-8\n-3\n-11\n-8\n-11\n-11\n'b'-9\n-12\n-8\n-9\n-7\n-8\n-20\n-23\n-13\n-20\n-9\n-13\n-3\n-9\n3\n6\n1\n3\n-5\n1\n-12\n-5\n-10\n-12\n-10\n-1\n-11\n-10\n-10\n-11\n-12\n-13\n-7\n-12\n-2\n-7\n-1\n-2\n7\n18\n23\n22\n25\n23\n18\n25\n-1\n-5\n-1\n-1\n2\n-1\n6\n2\n4\n3\n1\n4\n3\n1\n1\n3\n-11\n-21\n-2\n-11\n7\n-2\n18\n11\n-4\n-3\n-8\n-4\n-9\n2\n-3\n-9\n-4\n-3\n0\n-1\n5\n1\n3\n-1\n-11\n-15\n-6\n-12\n2\n-6\n-3\n-5\n-1\n2\n0\n-1\n-1\n0\n-3\n-1\n-4\n-1\n-1\n1\n-8\n-1\n-10\n-8\n-2\n-3\n-3\n-2\n-3\n-3\n-1\n-3\n-1\n9\n3\n7\n-3\n3\n-1\n-3\n-1\n-5\n3\n-1\n4\n3\n8\n4\n9\n8\n9\n9\n9\n9\n9\n9\n4\n2\n4\n4\n4\n4\n4\n4\n4\n4\n0\n4\n-6\n0\n-6\n-5\n-7\n-8\n-7\n13\n-1\n-7\n-1\n-1\n-14\n-8\n-15\n-14\n-13\n-12\n-12\n-16\n-4\n1\n-3\n-4\n-5\n-3\n-8\n-5\n-11\n-8\n-11\n-17\n-13\n-16\n-13\n-13\n4\n10\n-3\n4\n-4\n-3\n-14\n-4\n-13\n-8\n-8\n-7\n-7\n-8\n1\n-7\n-9\n-3\n-14\n-9\n-20\n-14\n-19\n-20\n0\n2\n0\n0\n-2\n0\n-8\n-2\n-7\n-8\n-8\n-7\n11\n2\n19\n11\n-9\n-5\n-16\n-9\n-19\n-16\n-17\n-19\n-16\n-17\n8\n1\n14\n8\n18\n14\n11\n17\n4\n11\n2\n4\n-2\n2\n-2\n-6\n10\n0\n15\n10\n16\n15\n-13\n-8\n-20\n-21\n-9\n-16\n-13\n-17\n-14\n-8\n-9\n-14\n-4\n-9\n-6\n-4\n0\n-6\n10\n0\n15\n15\n13\n15\n-21\n-17\n-20\n-21\n-17\n-20\n-7\n-8\n0\n0\n5\n0\n5\n5\n5\n5\n14\n5\n15\n14\n-1\n4\n-2\n-1\n-17\n-24\n-13\n-17\n-8\n-13\n-7\n-8\n-4\n-7\n-1\n18\n13\n19\n14\n13\n10\n2\n4\n10\n-1\n4\n2\n2\n3\n2\n2\n3\n9\n2\n13\n9\n18\n13\n19\n18\n-14\n-16\n-12\n-14\n9\n9\n12\n9\n14\n12\n12\n14\n14\n12\n5\n9\n6\n5\n5\n6\n-9\n-11\n-11\n9\n-11\n-11\n-7\n4\n4\n4\n5\n4\n10\n5\n12\n10\n9\n15\n5\n9\n6\n-8\n-6\n-6\n9\n14\n10\n9\n4\n10\n-3\n4\n-7\n-3\n-6\n-7\n-4\n-6\n-7\n6\n5\n7\n8\n5\n12\n8\n13\n12\n5\n13\n1\n5\n1\n1\n0\n1\n-9\n0\n-8\n-9\n-6\n-8\n-6\n-6\n-9\n-6\n0\n-9\n4\n0\n4\n4\n6\n4\n9\n6\n8\n9\n5\n8\n2\n1\n2\n2\n6\n2\n5\n6\n9\n5\n13\n9\n17\n13\n18\n17\n16\n18\n10\n16\n10\n10\n8\n10\n-1\n8\n-7\n-1\n-6\n-7\n-12\n-6\n-10\n-12\n-7\n3\n-1\n5\n2\n-1\n3\n2\n13\n8\n12\n13\n17\n12\n-7\n-1\n-10\n-7\n-17\n-10\n-15\n-17\n-10\n-23\n-8\n-20\n-8\n-19\n-9\n-15\n29\n29\n25\n29\n24\n25\n26\n24\n3\n5\n5\n3\n11\n5\n12\n11\n8\n12\n13\n8\n12\n13\n7\n12\n6\n7\n-3\n6\n-7\n-3\n-14\n-7\n-18\n-14\n-19\n-18\n-10\n-7\n-23\n-27\n1\n-9\n3\n1\n9\n3\n10\n9\n7\n10\n8\n7\n2\n8\n-1\n2\n-8\n-1\n-12\n-8\n-9\n-12\n-14\n-9\n21\n14\n30\n21\n30\n30\n31\n30\n25\n31\n18\n25\n11\n18\n2\n11\n2\n-12\n-7\n-13\n-10\n-18\n-20\n-23\n4\n-2\n7\n4\n12\n7\n11\n12\n-15\n-3\n-14\n-15\n-13\n-14\n-17\n-13\n-14\n-17\n-11\n-14\n-1\n1\n1\n-1\n4\n1\n15\n12\n13\n17\n8\n13\n-13\n-12\n-18\n-13\n-23\n-18\n-20\n-23\n-18\n2\n1\n-2\n-8\n-11\n4\n3\n12\n17\n13\n12\n13\n13\n5\n13\n-2\n5\n-2\n-2\n1\n-2\n-5\n1\n12\n7\n17\n12\n13\n17\n11\n13\n14\n11\n15\n14\n15\n15\n12\n15\n7\n-4\n2\n7\n3\n2\n2\n3\n5\n4\n6\n5\n10\n6\n2\n10\n-2\n2\n2\n-2\n-3\n2\n-9\n-3\n-13\n-9\n-13\n-13\n-14\n-13\n-17\n-8\n3\n-5\n2\n3\n-'b'1\n2\n-1\n-1\n-2\n-1\n-3\n-2\n-5\n-3\n-4\n-5\n-11\n-6\n-8\n-11\n-7\n-8\n-3\n-7\n3\n-3\n8\n3\n10\n8\n9\n10\n9\n5\n13\n9\n9\n13\n4\n9\n-8\n-9\n-9\n-8\n-11\n-9\n-6\n-11\n-2\n-6\n-1\n-2\n3\n-1\n7\n3\n6\n-1\n5\n6\n5\n5\n1\n5\n-4\n-6\n-4\n-4\n-1\n-4\n0\n-1\n2\n0\n9\n2\n5\n9\n5\n5\n8\n5\n4\n8\n3\n4\n-6\n3\n-9\n-6\n-14\n-10\n-18\n-12\n-14\n-13\n-5\n-10\n-6\n-5\n-1\n-6\n-1\n-1\n-5\n12\n7\n8\n-2\n7\n-1\n3\n-3\n-2\n0\n-3\n0\n0\n-2\n0\n2\n-2\n3\n2\n4\n3\n5\n4\n7\n5\n3\n7\n0\n2\n-4\n0\n-16\n-15\n-13\n-16\n-4\n-13\n-2\n-4\n3\n-2\n8\n3\n11\n1\n12\n11\n0\n0\n-4\n0\n-6\n-4\n-8\n-6\n-7\n-8\n-1\n-7\n-6\n-1\n1\n-6\n7\n4\n2\n7\n0\n2\n-2\n0\n-11\n-2\n-13\n-11\n-17\n-13\n-15\n-17\n-5\n-9\n1\n-5\n5\n1\n11\n5\n5\n11\n-1\n5\n-1\n-1\n-10\n-1\n-14\n-13\n-7\n-14\n-3\n-7\n0\n-3\n7\n0\n12\n7\n15\n12\n19\n15\n17\n19\n10\n17\n2\n10\n-2\n2\n-5\n-2\n-7\n-5\n-14\n-7\n-16\n-14\n-13\n-18\n-7\n-13\n-6\n-7\n-5\n-6\n0\n-5\n-1\n0\n-2\n-1\n0\n-2\n4\n0\n3\n-6\n-8\n-4\n-7\n-8\n-8\n-7\n-11\n-8\n-8\n-11\n-7\n-8\n-5\n-7\n-3\n-5\n-5\n-3\n-2\n-5\n-3\n-2\n-7\n-3\n-3\n-7\n-7\n-3\n-9\n-7\n-9\n-9\n-13\n-9\n-9\n-13\n-8\n-9\n-5\n-8\n-4\n-5\n-1\n-4\n-1\n-1\n-6\n-1\n-3\n-6\n-4\n-3\n-6\n-4\n-4\n-6\n-8\n-4\n-7\n-8\n-6\n-7\n-6\n-6\n-3\n-6\n-4\n-3\n1\n-4\n0\n1\n-1\n0\n1\n-1\n2\n1\n0\n2\n-5\n0\n-10\n-5\n-10\n-10\n-7\n-10\n12\n5\n12\n12\n1\n-3\n0\n1\n2\n0\n7\n2\n7\n7\n7\n7\n10\n7\n7\n10\n6\n7\n5\n6\n3\n5\n2\n3\n-1\n2\n-6\n-1\n-6\n-6\n-6\n-6\n-2\n-6\n0\n-2\n-2\n0\n0\n-2\n0\n0\n-4\n0\n2\n-4\n4\n2\n5\n4\n5\n5\n12\n5\n12\n12\n12\n12\n11\n12\n8\n11\n10\n8\n8\n10\n4\n8\n7\n4\n8\n7\n8\n8\n10\n8\n12\n10\n7\n12\n5\n7\n3\n-5\n-1\n-4\n-4\n-1\n-8\n-13\n-8\n-8\n-8\n-8\n-7\n-8\n1\n-7\n1\n1\n-2\n1\n1\n-2\n-5\n1\n-9\n-5\n-6\n-9\n-12\n-6\n-5\n-6\n-9\n-5\n-8\n-9\n-5\n-8\n-1\n-5\n-2\n-1\n-6\n-2\n-4\n-6\n-5\n-4\n-4\n-5\n-1\n-4\n-4\n-1\n1\n-4\n4\n1\n-15\n-11\n-15\n-15\n2\n2\n0\n2\n-2\n0\n-7\n-2\n-6\n-7\n-3\n-6\n-2\n-3\n-6\n-2\n-2\n-6\n3\n-2\n1\n3\n4\n1\n2\n3\n-2\n2\n-7\n-2\n-8\n-7\n-10\n-8\n-11\n-10\n-15\n-11\n-15\n-15\n-13\n-15\n-12\n-13\n-11\n-12\n-10\n-11\n-7\n-10\n-4\n-7\n-4\n-4\n-2\n-4\n0\n-2\n-1\n0\n-5\n-1\n-5\n-5\n-9\n-5\n-8\n-9\n-8\n-8\n-15\n-8\n-13\n-15\n-4\n-8\n-5\n-4\n-3\n-5\n4\n3\n5\n4\n3\n5\n0\n3\n4\n0\n2\n4\n-1\n2\n-1\n-1\n-2\n-1\n-3\n-2\n-2\n-4\n-4\n1\n-7\n-8\n-6\n-7\n-9\n-6\n-11\n-9\n-9\n-11\n-9\n-9\n-7\n-9\n-4\n-7\n-8\n-4\n-4\n-8\n-5\n-5\n-3\n-9\n-4\n1\n-3\n-4\n-4\n-3\n-7\n-4\n-6\n-7\n-9\n-6\n-7\n-9\n-4\n-7\n-9\n-4\n-4\n-9\n1\n-4\n-1\n1\n6\n6\n9\n6\n6\n9\n1\n6\n2\n1\n-1\n2\n0\n-1\n-4\n0\n0\n-4\n-5\n0\n-9\n-5\n-7\n-9\n-12\n-7\n-13\n-12\n-8\n-13\n-14\n-8\n-12\n-14\n-7\n-12\n-8\n-7\n-3\n-8\n1\n-3\n-2\n1\n0\n-2\n-1\n2\n5\n1\n4\n5\n6\n4\n4\n6\n3\n4\n5\n3\n9\n5\n6\n9\n4\n6\n13\n4\n9\n13\n13\n9\n14\n13\n-11\n-8\n-7\n-11\n-11\n-7\n5\n10\n1\n5\n2\n1\n3\n2\n2\n3\n2\n2\n2\n2\n-1\n2\n-2\n-1\n-2\n2\n6\n3\n3\n6\n-10\n-'